2000
1 756
4 826
5 1471
6 51
7 1519
9 1325
12 140
18 779
19 1446
21 1662
23 1591
24 395
26 1275
30 1874
34 1721
36 1839
39 1085
41 769
48 1969
51 270
52 269
59 1024
61 1643
64 1043
72 649
76 746
79 1611
82 828
83 1850
84 1916
85 432
86 1832
87 1294
88 1979
91 568
95 1326
98 1027
99 1648
100 395
101 983
102 1525
106 491
115 375
116 935
117 988
119 321
120 547
122 562
123 1531
126 25
128 1193
130 724
131 1543
132 1774
134 803
138 1174
139 1794
140 1879
143 924
144 700
150 954
154 282
161 1605
163 606
164 1215
166 112
172 1078
174 297
179 769
180 1644
184 1310
185 175
175 1165
187 1805
188 1663
194 386
197 1904
201 566
204 813
208 607
209 105
105 1563
210 1520
211 1456
212 319
215 741
216 332
217 1438
222 369
229 443
230 864
232 1227
233 108
108 549
237 515
239 315
243 744
245 396
246 1995
247 492
254 1657
256 63
63 763
258 1299
259 241
264 344
274 1181
275 372
280 1278
282 1593
286 977
287 758
288 1999
291 303
292 859
294 263
296 1233
298 1916
299 1562
303 113
304 960
306 1225
307 512
308 77
77 637
313 1792
317 659
320 635
328 412
329 674
331 1119
334 1069
335 881
347 1521
348 824
351 1219
354 1983
359 1869
360 1649
361 432
365 1814
366 421
368 950
369 1642
373 1969
374 632
375 67
377 866
379 353
382 1155
384 817
385 1066
387 49
388 1318
389 332
392 1052
397 812
399 199
401 674
404 1786
405 969
407 311
311 1374
408 839
414 350
415 438
416 1036
417 173
419 183
433 1183
434 1211
437 499
438 1656
439 349
441 1463
445 14
14 959
447 395
450 170
452 1794
456 542
457 639
459 1730
460 28
28 1388
462 1604
466 590
467 1837
474 395
476 1498
479 592
486 1032
487 1996
489 290
492 554
493 1204
494 336
336 1647
500 1001
501 926
504 1857
507 796
509 111
111 121
510 1255
511 668
513 25
517 666
519 1651
520 1402
521 1709
522 31
523 1442
524 1570
526 451
531 1272
533 1567
534 1999
535 3
3 1644
536 1645
538 1226
539 265
542 223
223 1877
543 1405
544 383
383 746
546 47
47 967
552 846
562 1759
563 528
564 142
142 1071
565 745
566 1491
568 49
571 1303
572 1992
573 597
574 1662
578 897
579 1123
587 1371
590 1493
591 403
593 1035
595 1144
598 1248
599 477
601 1434
605 657
606 1202
610 763
612 265
613 1184
614 1915
616 852
617 279
279 1266
620 666
621 1983
622 1563
626 1683
629 352
352 877
634 337
635 1491
636 1057
638 810
639 1147
642 557
643 1730
646 1897
649 1172
652 1492
653 1121
658 1964
659 89
661 326
662 1343
665 878
666 841
668 1482
670 1231
672 396
673 628
628 730
674 60
676 1605
677 842
682 1887
686 1318
688 236
236 1103
690 1421
692 268
268 1719
694 1019
695 1154
696 1645
697 1655
700 1102
703 1905
704 1519
705 1715
708 1778
712 1000
718 1599
720 632
722 370
723 916
730 1463
731 667
733 874
735 1418
736 1357
740 342
342 1607
745 901
746 1287
748 1143
754 608
755 1472
759 1250
771 1943
772 1361
776 1891
778 1550
781 1917
783 1992
784 1091
785 1087
786 257
257 1804
788 199
199 1023
790 752
752 1780
791 1197
792 963
794 727
795 1998
807 113
113 1528
808 1100
809 364
812 1777
814 454
454 1368
818 1592
820 1314
821 1186
823 1540
824 1671
825 266
829 1154
830 1595
836 109
109 73
73 1145
838 1025
842 203
843 726
844 910
845 1312
847 1810
849 203
203 1734
850 1980
861 1043
862 181
863 1406
864 1268
865 284
867 195
195 1016
872 1199
875 498
876 1846
877 220
220 582
582 1910
878 1788
880 1566
882 1972
887 285
888 689
890 1686
892 468
468 1455
893 1111
894 1739
896 1274
898 56
899 1268
900 265
265 173
901 916
904 505
906 1199
910 426
911 189
913 1696
917 1141
918 680
680 766
919 1952
920 856
856 1517
927 1766
929 1557
932 681
936 607
937 581
581 1530
940 1779
944 1840
945 793
793 804
947 1376
948 1163
949 734
950 1352
951 386
952 589
955 1377
957 358
358 529
958 1331
960 206
962 624
624 283
283 721
963 1083
964 943
965 1897
967 707
972 1016
973 1988
974 1315
976 871
871 1393
977 953
978 1779
980 96
96 1715
991 344
344 167
167 615
994 1586
995 714
998 435
435 1342
999 58
1001 1081
1003 883
1004 378
378 1818
1005 1138
1007 1366
1008 618
1010 1368
1011 1413
1012 94
94 1777
1013 1091
1014 1989
1015 1803
1017 177
1018 633
1019 1654
1020 1832
1024 1048
1025 337
337 930
930 514
514 1588
1028 1274
1030 90
90 276
1031 532
1032 93
93 987
1034 1805
1037 1972
1038 1618
1040 1342
1042 42
1043 11
11 687
1044 1417
1047 555
555 1573
1048 881
1049 398
398 148
1050 1402
1053 585
585 1523
1054 1844
1056 1567
1060 1761
1063 1698
1066 1151
1068 272
1069 1774
1070 530
530 1625
1071 1375
1073 1009
1077 490
490 683
1078 1466
1079 74
1080 499
1083 1516
1088 1841
1092 1896
1096 1644
1098 584
1099 1421
1101 1650
1105 1369
1109 1427
1111 1506
1112 1415
1118 1609
1120 1090
1123 1741
1130 1347
1132 763
763 478
1133 1464
1134 1653
1135 803
1136 1155
1138 657
657 238
1142 975
1144 33
1145 773
773 127
1146 604
1147 449
1148 67
67 1051
1149 1434
1151 559
1152 1442
1155 1021
1021 1304
1156 1282
1162 50
1163 1169
1164 650
1165 667
1167 1532
1169 841
841 1023
1171 1354
1172 1261
1173 1634
1177 1775
1179 1178
1178 1446
1180 412
1183 1089
1184 1938
1185 1757
1190 49
49 832
1191 1261
1194 1275
1196 956
956 451
1199 1908
1201 160
1202 982
982 1491
1206 1113
1207 1959
1208 463
1209 496
496 681
681 1630
1210 1097
1217 338
1218 738
738 224
224 1953
1219 1575
1221 198
198 1893
1224 1776
1225 1106
1106 37
1226 637
1230 127
127 483
1231 1159
1234 810
1235 1051
1236 902
1237 1856
1241 305
1245 1298
1248 1563
1250 1441
1251 1611
1252 1595
1253 992
1254 1908
1256 1000
1259 1883
1261 837
837 22
22 1401
1262 1277
1265 190
1267 340
340 922
922 827
1269 1276
1276 1246
1246 1373
1277 767
767 1807
1278 410
410 1057
1280 20
20 537
537 1537
1281 349
1282 1783
1284 549
549 330
1285 1279
1286 1373
1287 1367
1288 177
177 717
717 478
1289 870
870 129
129 855
855 938
1291 1478
1292 1920
1294 1936
1296 1713
1298 1467
1299 839
1301 1760
1302 1851
1303 1744
1305 1547
1306 848
848 314
1307 928
1308 1192
1309 1995
1312 651
651 228
1313 1973
1315 409
1317 873
873 355
355 1045
1318 1474
1319 1058
1320 603
1322 1725
1326 804
1327 66
1330 183
183 935
935 156
156 1515
1333 1478
1334 1084
1336 787
1337 1437
1341 428
1342 640
640 1644
1344 604
604 925
1346 1215
1347 654
1348 478
1351 891
891 1588
1353 324
324 168
1356 16
16 449
449 56
56 1255
1255 1874
1358 989
989 889
1360 428
428 1095
1364 706
1371 458
1372 637
1373 1075
1075 760
760 600
600 1745
1374 1486
1375 656
656 1756
1378 1238
1380 993
993 271
271 1704
1382 986
986 463
1384 431
1385 1771
1390 706
1394 1247
1247 44
44 699
1396 547
1397 155
155 1524
1401 547
1403 1051
1051 685
685 1737
1404 1764
1405 1494
1407 586
1408 124
1409 1877
1410 1213
1213 1698
1411 350
1413 1988
1414 321
1415 25
25 159
159 1634
1419 372
372 749
749 1521
1420 262
262 1141
1141 1157
1421 436
436 840
1422 586
1426 70
1427 699
1428 816
1429 285
1431 1229
1229 975
975 1362
1362 1081
1432 480
1433 1154
1435 1087
1437 637
637 1386
1439 171
171 424
424 1708
1440 797
1441 1215
1442 1814
1443 228
228 1770
1445 822
1446 214
1447 118
118 411
1449 1214
1214 136
136 751
751 954
954 309
1451 815
815 1357
1357 333
1452 1737
1454 74
1458 151
1459 512
1460 966
966 787
787 559
1462 103
1463 1027
1027 711
1464 1188
1469 314
314 644
644 1499
1470 1143
1143 655
655 152
152 1541
1471 322
1472 1239
1473 252
252 1922
1475 879
879 182
182 933
1476 178
1477 302
1478 1369
1479 1524
1480 1944
1481 1193
1483 386
1485 1484
1486 1335
1488 714
714 1370
1370 1549
1489 1546
1490 1958
1491 1243
1243 46
46 269
269 1392
1492 1780
1493 594
1495 169
1496 1090
1090 1290
1497 1363
1500 1757
1501 234
234 62
62 207
207 1266
1266 448
448 796
1502 68
68 984
1503 1987
1505 1934
1506 1687
1508 38
1510 1022
1022 1444
1444 339
1512 1150
1150 406
1513 432
432 58
58 270
1514 779
1515 570
570 1399
1399 721
721 623
623 202
202 687
1516 1103
1517 1204
1204 1747
1518 1866
1519 482
1522 1117
1523 244
244 903
903 897
1524 1058
1525 393
393 464
464 1456
1527 1029
1029 406
1528 1887
1529 1776
1530 1131
1131 916
916 276
276 241
1531 1734
1533 1160
1160 1121
1535 147
1537 1746
1538 983
1539 196
196 192
192 345
345 238
238 729
1540 1822
1543 1552
1545 691
1547 508
1548 367
367 502
502 1987
1549 1438
1553 860
1554 386
1555 1175
1175 326
326 470
470 1575
1559 1785
1564 1919
1569 1223
1570 443
1571 190
190 816
816 840
840 426
1572 1198
1198 874
1576 284
284 341
341 1119
1119 1365
1578 1086
1581 701
1582 1363
1583 221
221 289
289 1958
1585 1816
1589 1943
1590 1675
1591 1871
1592 1139
1139 362
1593 540
540 1227
1227 1425
1425 1188
1594 1406
1595 390
1596 1866
1597 1586
1586 319
319 1873
1600 1467
1467 1915
1606 1343
1343 1650
1607 362
362 43
43 380
380 608
608 301
301 1268
1611 990
990 1498
1614 1771
1616 1332
1617 529
529 1406
1406 35
35 1393
1393 1983
1618 1187
1187 1908
1620 782
782 1324
1324 1613
1613 482
1622 1388
1388 1270
1623 481
1624 498
498 218
218 1630
1625 1939
1626 350
1632 1719
1633 1430
1634 1091
1635 273
273 455
1636 1897
1638 316
316 430
1639 1883
1641 1605
1605 895
1643 1805
1644 1193
1193 518
518 678
678 1664
1645 42
42 1065
1646 38
1647 1072
1072 1970
1649 1430
1430 774
774 1323
1323 1727
1650 1520
1520 1755
1651 881
1654 1102
1102 508
1655 1803
1656 881
881 577
577 315
1660 1304
1304 1816
1664 1966
1666 1977
1668 325
325 411
411 710
1670 547
547 1494
1494 1059
1671 1734
1672 1717
1673 497
497 1035
1035 1907
1680 97
97 1556
1556 1041
1681 576
576 1544
1544 1103
1103 225
225 1573
1573 1567
1567 797
1682 709
709 1450
1450 747
747 897
1684 1956
1686 1412
1412 125
1687 1917
1688 1598
1598 1653
1689 499
499 1091
1091 1181
1181 1345
1345 1648
1648 1631
1631 1830
1690 1474
1691 31
31 902
902 55
1693 1536
1536 532
1694 1546
1546 592
592 506
506 551
1695 1905
1696 1579
1697 1903
1698 1434
1434 1665
1665 394
394 803
803 732
1699 1659
1659 1366
1366 1124
1124 1182
1182 71
71 1557
1557 761
1701 443
443 112
112 327
327 29
29 1980
1704 1297
1706 1604
1707 928
1708 1367
1709 1087
1087 135
135 322
322 473
1711 330
330 125
125 1743
1712 970
1713 420
420 551
551 560
560 1667
1717 516
1718 1551
1551 285
285 884
884 1734
1719 1350
1350 983
1725 1095
1095 1114
1114 332
332 241
241 619
619 1755
1726 1705
1705 1907
1727 1714
1714 146
146 346
1728 1819
1730 60
1734 103
1735 1100
1100 446
446 1913
1736 739
739 491
491 1580
1580 1831
1740 1848
1741 1678
1678 444
1743 758
758 78
1744 1979
1745 160
1746 1300
1300 675
1747 1275
1275 938
938 706
706 173
173 1436
1436 1264
1264 1662
1662 1667
1748 1295
1295 1720
1720 488
488 402
1749 70
1750 1763
1751 1110
1110 81
81 968
968 1176
1176 1621
1621 1832
1752 1943
1753 1839
1754 200
200 1669
1669 153
153 1482
1482 1550
1550 683
1757 654
654 349
349 1026
1759 1400
1400 1000
1760 1379
1761 1772
1763 1850
1764 858
1767 719
719 1290
1290 1416
1768 1379
1379 710
710 761
761 1107
1107 1615
1615 1417
1417 1174
1769 157
157 1887
1771 1630
1630 475
475 186
1772 1961
1774 996
996 103
1775 1511
1511 1566
1566 1574
1776 596
596 684
1777 1801
1778 835
835 1466
1783 463
1784 1563
1563 263
1786 1186
1186 800
1787 193
193 768
1788 1907
1790 868
868 648
648 1521
1521 191
191 390
390 1161
1161 1642
1642 961
961 1273
1273 1311
1311 451
451 757
757 1604
1604 702
702 376
376 272
272 170
170 1117
1117 1456
1791 698
698 343
343 1853
1792 1715
1715 1009
1794 309
1795 147
1796 1781
1798 1700
1700 569
569 1971
1799 1942
1803 550
550 1153
1806 806
806 1158
1158 178
178 819
819 1993
1807 1402
1810 1293
1293 1926
1812 1423
1423 804
1814 66
1815 777
777 1808
1808 828
1816 1174
1174 80
80 54
54 1329
1329 817
1817 255
255 1588
1588 1809
1809 481
481 1579
1579 671
671 27
1818 189
189 912
1819 1967
1820 1052
1821 386
386 40
40 1154
1154 1832
1824 693
693 618
618 267
1825 1279
1279 924
924 1395
1395 1675
1827 186
186 528
528 1153
1153 768
1828 305
1829 147
147 1971
1830 724
724 515
515 979
979 1058
1058 1667
1667 811
1831 1936
1833 631
631 1779
1779 1166
1166 934
1834 988
988 429
429 1009
1835 1731
1731 895
1836 1923
1837 1526
1526 1468
1468 985
1838 235
1840 1424
1424 789
1841 472
472 663
663 764
764 1850
1842 1766
1766 1637
1637 548
548 455
455 57
57 1653
1653 684
684 852
852 744
1843 400
1844 558
1845 1065
1846 798
1847 1376
1376 1574
1574 833
833 312
312 1097
1097 1084
1848 395
395 1499
1849 915
915 214
214 615
615 859
1850 799
799 854
854 13
13 278
278 691
691 422
1851 839
1852 242
242 939
939 1560
1560 839
1853 734
734 1575
1575 1683
1683 805
1855 1108
1108 248
1856 53
53 1919
1857 602
602 1331
1331 45
45 1716
1716 1085
1858 1793
1861 145
145 826
826 1127
1862 74
74 1159
1159 418
1864 811
811 1211
1211 1968
1866 597
597 1943
1868 607
1869 473
473 483
483 553
1871 1113
1113 632
1872 1918
1873 1314
1314 267
267 249
1874 70
70 796
796 1765
1765 1339
1876 444
444 1762
1762 1000
1000 1721
1721 839
1877 800
800 1562
1562 1244
1244 1064
1064 1661
1661 160
160 805
805 1758
1758 726
726 1055
1879 1263
1263 802
1880 1009
1009 1381
1381 753
753 589
589 765
765 137
137 567
567 1260
1260 1860
1881 465
465 1352
1883 363
363 1676
1885 1233
1233 992
992 1082
1082 442
442 1813
1813 260
1886 495
495 1189
1189 270
270 1782
1782 828
828 1081
1081 1601
1601 1140
1140 1499
1499 1875
1875 933
1888 1335
1335 1882
1890 857
857 1274
1891 798
798 1965
1893 69
69 1979
1894 1811
1811 1805
1895 1710
1896 1541
1541 983
1897 27
27 133
1898 1870
1899 969
969 1438
1438 641
641 970
970 997
1900 1558
1558 1104
1904 1628
1628 1215
1905 925
1906 1823
1823 1272
1272 1839
1839 1487
1487 527
527 931
1907 1934
1908 251
251 660
660 1917
1909 1220
1220 1657
1657 321
321 797
797 1674
1911 727
727 1367
1912 297
297 66
66 121
121 409
1913 1710
1710 1391
1391 226
226 1168
1168 463
463 350
350 396
396 261
261 1002
1002 984
984 1685
1916 1316
1918 1619
1619 545
545 1195
1195 1534
1919 141
141 611
1920 339
339 412
412 1996
1921 1127
1127 240
1922 75
75 1610
1927 1016
1016 124
1928 1603
1603 1389
1929 176
176 1870
1870 231
231 1737
1737 1914
1914 750
750 779
779 1685
1930 418
418 1947
1931 1389
1932 1561
1561 1212
1933 8
8 114
114 1805
1805 168
1936 110
110 1325
1325 1448
1448 1565
1565 219
1937 250
250 1205
1205 981
981 775
1938 1780
1780 933
933 775
775 1339
1339 422
422 1129
1129 953
953 1926
1926 1867
1867 426
426 1157
1157 409
409 219
219 1242
1242 431
431 908
908 1658
1939 1887
1887 1368
1368 169
169 1258
1258 1085
1085 831
831 886
886 484
484 391
391 104
1940 1203
1203 1126
1126 1355
1355 1884
1884 1321
1941 1822
1942 609
609 789
789 333
1943 1800
1800 1389
1944 743
743 971
971 149
149 1215
1215 477
477 1137
1945 1363
1363 353
353 679
679 181
181 742
1946 1910
1910 1377
1377 406
406 627
627 675
675 1222
1222 801
801 357
357 240
240 1089
1089 427
1947 664
664 1739
1948 1212
1212 1416
1416 440
440 1321
1949 1455
1950 1116
1116 1988
1952 1534
1534 346
346 1552
1552 1568
1568 583
583 33
33 810
810 769
769 859
859 1629
1629 1270
1953 1882
1882 941
941 897
897 1802
1802 874
874 290
290 213
213 914
1954 1902
1902 1804
1804 683
683 1889
1955 1612
1956 478
478 356
356 1076
1076 1612
1957 645
645 1608
1608 1389
1389 263
263 1061
1958 1773
1773 1059
1059 1509
1509 1270
1270 1584
1584 846
846 427
427 827
1959 315
315 227
227 1903
1903 1967
1961 699
1962 1052
1052 707
1963 713
713 253
253 557
557 541
1964 1532
1532 1039
1039 1310
1310 914
914 1685
1685 586
1965 1200
1200 1465
1465 1115
1966 1338
1338 715
715 50
50 323
323 1860
1860 633
1967 725
725 768
768 1359
1359 421
1968 168
168 1793
1793 1328
1328 89
1969 558
558 1197
1197 869
869 1674
1674 1729
1729 1484
1484 575
1970 923
923 1057
1057 1094
1094 959
959 1249
1249 248
248 1086
1971 1474
1474 1723
1723 1612
1612 687
687 1349
1349 707
707 1859
1859 1268
1268 1093
1093 1228
1228 133
1972 89
89 1332
1332 1901
1901 1724
1724 1676
1676 1923
1973 1383
1383 37
37 832
832 1061
1061 889
889 1785
1785 647
647 532
532 1703
1703 38
38 1924
1924 1960
1960 729
729 1577
1577 124
124 1854
1854 839
839 827
827 928
928 235
235 858
858 1739
1739 553
553 905
905 1863
1863 554
1974 1369
1369 381
1975 1216
1216 943
943 650
650 554
1976 1074
1074 1923
1923 403
403 556
556 1738
1738 302
302 907
907 425
425 1122
1122 541
1977 309
309 584
584 934
1978 770
770 1046
1046 485
485 575
575 1125
1125 310
310 32
32 471
471 1801
1801 607
607 1722
1722 737
737 1832
1979 103
103 364
364 1889
1889 633
633 104
104 505
1980 586
586 1045
1045 701
1981 1321
1321 1542
1542 588
588 503
503 1702
1982 1121
1121 942
1983 15
15 1006
1984 1507
1507 1756
1756 1456
1456 1238
1238 525
525 1789
1789 133
133 260
260 1663
1663 1457
1457 1826
1826 55
1985 400
1986 541
541 1271
1987 1033
1033 1170
1988 1733
1733 667
667 1652
1652 1084
1084 1392
1392 699
699 1599
1599 1742
1742 400
1989 1640
1640 866
866 853
853 1677
1677 741
741 458
458 305
305 716
1990 1466
1991 942
942 423
423 1115
1115 1062
1062 1023
1023 205
205 711
711 1026
1993 603
603 1402
1402 1609
1609 338
338 1340
1340 1232
1232 1128
1128 1067
1067 744
744 1240
1240 1367
1367 925
925 469
469 1354
1354 1104
1104 10
10 669
669 1239
1239 421
421 1658
1658 625
625 1498
1498 277
277 107
107 1055
1055 333
333 402
402 65
65 860
860 580
580 689
689 1994
1994 934
934 430
430 1992
1992 716
716 1935
1935 909
909 505
505 512
512 206
1995 1283
1283 371
371 266
266 766
766 1398
1398 817
817 508
508 1602
1602 611
611 318
318 151
151 1702
1702 931
931 295
1996 1925
1925 895
895 1453
1453 732
732 813
813 742
1997 1257
1257 148
148 1587
1587 162
162 78
78 1878
1878 482
482 1692
1692 1006
1006 1675
1675 1679
1679 381
381 756
756 370
370 1041
1041 912
912 1732
1732 780
780 400
1998 1797
1797 1386
1386 413
413 701
701 632
632 554
554 1781
1781 1627
1627 1504
1504 17
17 1387
1387 461
461 295
295 1610
1610 400
400 997
997 559
559 983
983 594
594 249
249 1188
1188 1455
1455 762
762 885
885 293
293 1036
1036 1274
1274 206
206 561
561 1170
1999 921
921 985
985 1271
1271 630
630 1917
1917 300
300 1461
1461 728
728 1223
1223 1755
1755 1192
1192 1915
1915 822
822 1365
1365 92
92 453
453 1418
1418 55
55 946
946 883
883 165
165 158
158 1822
1822 1086
1086 60
60 1316
1316 1026
1026 516
516 1137
1137 1892
1892 1466
1466 926
926 1951
1951 802
802 2
2 742
742 1770
1770 1065
1065 804
804 281
281 1934
1934 1297
1297 834
834 1170
1170 1352
1352 480
480 851
851 1832
1832 1865
1865 987
987 1361
1361 2000
